weight 0:
         -0.734412           1.23339           1.38324
           -0.7452          0.819383          0.878456
         -0.467045           0.88152          0.920156

bias 0:
        -0.0627617

weight 1:
           1.33294           1.24907            1.2786
           1.33613          0.745058          0.039853
            0.2912          0.918146         0.0798031

bias 1:
        -0.0388165

weight 2:
           1.51454           1.21897           1.33949
          0.677621          0.868263         -0.139944
          0.265833           1.11353          0.493227

bias 2:
        -0.0364911

