weight 0:
          0.793385          0.566934          0.802831
          0.125597          0.127303           0.22176
         0.0872942         -0.420066        -0.0816389

bias 0:
         -0.450716

weight 1:
        -0.0315455         -0.414769         -0.354606
         -0.412584         -0.461497         -0.561421
         -0.393745         -0.480304         -0.440717

bias 1:
         -0.121146

weight 2:
         -0.202114          0.790883        -0.0134377
         -0.663412           1.17948           0.47945
           -1.8295           1.04444           1.46152

bias 2:
         -0.376359

